#{"t_start": 1783261336.6351128, "env_id": "FetchReach-v3"}
r,l,t,is_success
-50.0,50,6.040889,0.0
-50.0,50,6.117059,0.0
-50.0,50,6.19532,0.0
-44.0,50,6.274805,0.0
-50.0,50,6.356894,0.0
-49.0,50,6.432377,0.0
-49.0,50,6.506515,0.0
-50.0,50,6.583906,0.0
-50.0,50,6.66498,0.0
-50.0,50,6.739468,0.0
-50.0,50,6.813795,0.0
-50.0,50,6.888929,0.0
-50.0,50,6.970974,0.0
-50.0,50,7.049425,0.0
-50.0,50,7.123943,0.0
-50.0,50,7.197397,0.0
-50.0,50,7.278914,0.0
-50.0,50,7.353672,0.0
-48.0,50,7.427843,0.0
-50.0,50,7.500847,0.0
-50.0,50,8.806424,0.0
-50.0,50,9.328367,0.0
-50.0,50,9.854387,0.0
-50.0,50,10.381228,0.0
-50.0,50,10.916653,0.0
-50.0,50,11.452246,0.0
-50.0,50,11.979048,0.0
-50.0,50,12.504292,0.0
-50.0,50,13.041349,0.0
-50.0,50,13.566776,0.0
-49.0,50,14.092708,0.0
-50.0,50,14.618718,0.0
-50.0,50,15.161476,0.0
-50.0,50,15.697298,0.0
-50.0,50,16.229429,0.0
-45.0,50,16.762624,0.0
-50.0,50,17.307781,0.0
-45.0,50,17.831186,0.0
-34.0,50,18.352741,0.0
-49.0,50,18.877454,0.0
-50.0,50,21.466659,0.0
-50.0,50,21.985179,0.0
-48.0,50,22.506556,0.0
-50.0,50,23.031551,0.0
-50.0,50,23.574658,0.0
-50.0,50,24.095663,0.0
-50.0,50,24.616523,0.0
-50.0,50,25.13953,0.0
-50.0,50,25.672293,0.0
-50.0,50,26.195518,0.0
-50.0,50,26.721033,0.0
-50.0,50,27.240861,0.0
-50.0,50,27.771686,0.0
-50.0,50,28.300336,0.0
-50.0,50,28.830993,0.0
-48.0,50,29.362827,0.0
-50.0,50,29.911354,0.0
-50.0,50,30.440416,0.0
-50.0,50,30.974565,0.0
-36.0,50,31.503968,0.0
-50.0,50,32.045246,0.0
-50.0,50,32.574334,0.0
-50.0,50,33.105021,0.0
-48.0,50,33.63515,0.0
-50.0,50,34.176576,0.0
-50.0,50,34.71394,0.0
-50.0,50,35.249853,0.0
-50.0,50,35.77961,0.0
-50.0,50,36.32752,0.0
-50.0,50,36.863938,0.0
-50.0,50,37.396279,0.0
-50.0,50,37.930864,0.0
-50.0,50,38.465554,0.0
-46.0,50,38.98741,0.0
-49.0,50,39.513208,0.0
-50.0,50,40.043282,0.0
-46.0,50,40.572238,0.0
-48.0,50,41.090737,0.0
-50.0,50,41.616542,0.0
-50.0,50,42.137207,0.0
-50.0,50,45.04932,0.0
-49.0,50,45.568506,0.0
-49.0,50,46.09092,0.0
-50.0,50,46.618885,0.0
-46.0,50,47.151366,0.0
-42.0,50,47.680754,0.0
-47.0,50,48.231872,0.0
-38.0,50,48.76335,0.0
-48.0,50,49.30368,0.0
-47.0,50,49.84287,0.0
-50.0,50,50.381141,0.0
-45.0,50,50.914978,0.0
-49.0,50,51.459422,0.0
-40.0,50,51.982649,0.0
-41.0,50,52.512864,0.0
-46.0,50,53.038081,0.0
-49.0,50,53.590012,0.0
-47.0,50,54.119702,0.0
-38.0,50,54.642702,0.0
-45.0,50,55.164176,0.0
-39.0,50,55.699835,0.0
-44.0,50,56.223645,0.0
-38.0,50,56.751627,0.0
-19.0,50,57.276506,0.0
-34.0,50,57.815979,1.0
-41.0,50,58.337809,0.0
-30.0,50,58.870176,0.0
-37.0,50,59.394213,0.0
-34.0,50,59.92796,0.0
-33.0,50,60.452799,0.0
-29.0,50,60.978112,0.0
-36.0,50,61.505692,1.0
-34.0,50,62.047813,1.0
-35.0,50,62.575298,1.0
-10.0,50,63.112631,1.0
-32.0,50,63.646972,0.0
-21.0,50,64.188579,1.0
-23.0,50,64.726596,1.0
-23.0,50,65.254151,1.0
-5.0,50,65.793581,1.0
-11.0,50,68.420353,1.0
-24.0,50,68.950621,1.0
-25.0,50,69.486224,0.0
-15.0,50,70.016801,1.0
-15.0,50,70.556202,1.0
-19.0,50,71.092988,1.0
-19.0,50,71.633008,0.0
-23.0,50,72.175026,1.0
-19.0,50,72.717736,1.0
-23.0,50,73.244418,1.0
-19.0,50,73.771863,0.0
-23.0,50,74.309981,0.0
-10.0,50,74.860586,0.0
-12.0,50,75.397917,0.0
-9.0,50,75.938124,1.0
-14.0,50,76.483328,1.0
-23.0,50,77.031916,0.0
-6.0,50,77.572505,1.0
-10.0,50,78.10842,0.0
-23.0,50,78.64509,1.0
-2.0,50,79.197999,1.0
-18.0,50,79.740407,1.0
-18.0,50,80.276275,1.0
-13.0,50,80.822581,0.0
-12.0,50,81.36718,1.0
-20.0,50,81.905528,1.0
-7.0,50,82.441524,0.0
-11.0,50,82.977061,0.0
-20.0,50,83.522213,1.0
-10.0,50,84.080847,0.0
-8.0,50,84.616223,1.0
-11.0,50,85.154704,1.0
-19.0,50,85.703817,1.0
-3.0,50,86.247945,1.0
-9.0,50,86.792174,0.0
-3.0,50,87.334242,1.0
-10.0,50,87.87747,0.0
-17.0,50,88.414544,1.0
-5.0,50,88.954004,1.0
-2.0,50,89.491646,1.0
-21.0,50,92.137222,1.0
-15.0,50,92.678587,0.0
-4.0,50,93.214326,0.0
-3.0,50,93.73703,1.0
-11.0,50,94.278494,0.0
-10.0,50,94.808446,1.0
-20.0,50,95.329971,1.0
-11.0,50,95.854396,1.0
-2.0,50,96.395162,1.0
-11.0,50,96.92168,1.0
-14.0,50,97.443414,1.0
-3.0,50,97.976657,1.0
-4.0,50,98.5145,1.0
-7.0,50,99.039231,1.0
-4.0,50,99.569821,1.0
-6.0,50,100.092445,1.0
-2.0,50,100.631434,1.0
-3.0,50,101.157039,1.0
-8.0,50,101.688951,1.0
-3.0,50,102.222353,1.0
-4.0,50,102.752558,1.0
-3.0,50,103.283454,1.0
-3.0,50,103.817799,1.0
-1.0,50,104.344167,1.0
-1.0,50,104.876446,1.0
-3.0,50,105.400076,1.0
-1.0,50,105.922194,1.0
-1.0,50,106.444623,1.0
0.0,50,106.978265,1.0
-2.0,50,107.510222,1.0
-2.0,50,108.033103,1.0
-2.0,50,108.5592,1.0
-2.0,50,109.099217,1.0
-3.0,50,109.623364,1.0
0.0,50,110.146323,1.0
-2.0,50,110.677423,1.0
-1.0,50,111.226424,1.0
-3.0,50,111.768525,1.0
-3.0,50,112.29424,1.0
-2.0,50,112.831019,1.0
-1.0,50,115.478651,1.0
-2.0,50,116.001386,1.0
-1.0,50,116.526182,1.0
-2.0,50,117.057477,1.0
-1.0,50,117.590674,1.0
-3.0,50,118.116931,1.0
-1.0,50,118.645967,1.0
-2.0,50,119.181446,1.0
0.0,50,119.712272,1.0
-2.0,50,120.244653,1.0
-1.0,50,120.772392,1.0
-2.0,50,121.302993,1.0
-1.0,50,121.84368,1.0
-2.0,50,122.368804,1.0
-3.0,50,122.89543,1.0
-2.0,50,123.418289,1.0
-3.0,50,123.971908,1.0
-2.0,50,124.506723,1.0
-2.0,50,125.035614,1.0
-3.0,50,125.5651,1.0
-2.0,50,126.103892,1.0
-1.0,50,126.630463,1.0
-2.0,50,127.163518,1.0
-2.0,50,127.687279,1.0
-2.0,50,128.224422,1.0
0.0,50,128.74975,1.0
-2.0,50,129.289516,1.0
-2.0,50,129.814396,1.0
-3.0,50,130.347982,1.0
-2.0,50,130.879644,1.0
-3.0,50,131.401632,1.0
-2.0,50,131.932834,1.0
-2.0,50,132.474637,1.0
-2.0,50,133.005487,1.0
-2.0,50,133.530075,1.0
0.0,50,134.052361,1.0
-2.0,50,134.599649,1.0
-1.0,50,135.125139,1.0
0.0,50,135.64689,1.0
-1.0,50,136.178222,1.0
-1.0,50,138.785129,1.0
-1.0,50,139.310051,1.0
-2.0,50,139.83585,1.0
-2.0,50,140.359886,1.0
-3.0,50,140.899847,1.0
-1.0,50,141.424586,1.0
-2.0,50,141.949581,1.0
-2.0,50,142.483589,1.0
-1.0,50,143.014902,1.0
-2.0,50,143.563629,1.0
-2.0,50,144.090531,1.0
-1.0,50,144.61495,1.0
-2.0,50,145.149779,1.0
-2.0,50,145.674214,1.0
-2.0,50,146.207248,1.0
-2.0,50,146.731713,1.0
-3.0,50,147.264434,1.0
-1.0,50,147.788037,1.0
-3.0,50,148.321947,1.0
-1.0,50,148.847709,1.0
-1.0,50,149.380925,1.0
-2.0,50,149.903485,1.0
0.0,50,150.428032,1.0
-2.0,50,150.95006,1.0
-1.0,50,151.48366,1.0
-2.0,50,152.012892,1.0
-1.0,50,152.543614,1.0
0.0,50,153.068556,1.0
-2.0,50,153.612282,1.0
-1.0,50,154.136993,1.0
-2.0,50,154.658731,1.0
0.0,50,155.181805,1.0
-3.0,50,155.714185,1.0
-2.0,50,156.247049,1.0
-2.0,50,156.772756,1.0
0.0,50,157.294931,1.0
-2.0,50,157.826915,1.0
-1.0,50,158.35481,1.0
0.0,50,158.88067,1.0
-3.0,50,159.416377,1.0
-5.0,50,162.03357,0.0
-13.0,50,162.56036,1.0
-2.0,50,163.083157,1.0
0.0,50,163.60825,1.0
-2.0,50,164.150931,1.0
-2.0,50,164.67407,1.0
-2.0,50,165.200619,1.0
-2.0,50,165.728454,1.0
0.0,50,166.262855,1.0
0.0,50,166.792656,1.0
-3.0,50,167.324663,1.0
-3.0,50,167.856588,1.0
-2.0,50,168.404523,1.0
0.0,50,168.936524,1.0
-2.0,50,169.473665,1.0
-2.0,50,170.020038,1.0
-3.0,50,170.570089,1.0
-1.0,50,171.105033,1.0
-2.0,50,171.639571,1.0
-3.0,50,172.172504,1.0
-3.0,50,172.724579,1.0
-2.0,50,173.258476,1.0
-2.0,50,173.806065,1.0
-2.0,50,174.34197,1.0
-1.0,50,174.883473,1.0
-2.0,50,175.421882,1.0
-1.0,50,175.957269,1.0
-2.0,50,176.501005,1.0
-2.0,50,177.044674,1.0
-2.0,50,177.577585,1.0
-2.0,50,178.118512,1.0
-3.0,50,178.649727,1.0
-2.0,50,179.190189,1.0
-2.0,50,179.73211,1.0
0.0,50,180.265072,1.0
-2.0,50,180.806887,1.0
-2.0,50,181.350191,1.0
-1.0,50,181.885437,1.0
-1.0,50,182.420224,1.0
-1.0,50,182.95218,1.0
-3.0,50,185.597878,1.0
0.0,50,186.132148,1.0
-2.0,50,186.667005,1.0
-1.0,50,187.200449,1.0
-1.0,50,187.740978,1.0
0.0,50,188.273324,1.0
-2.0,50,188.815876,1.0
-2.0,50,189.355627,1.0
-2.0,50,189.896253,1.0
-2.0,50,190.435473,1.0
-2.0,50,190.97041,1.0
-1.0,50,191.511978,1.0
-1.0,50,192.067605,1.0
-1.0,50,192.603555,1.0
0.0,50,193.136106,1.0
0.0,50,193.670162,1.0
-3.0,50,194.215791,1.0
-10.0,50,194.750642,1.0
-3.0,50,195.293857,1.0
-1.0,50,195.835078,1.0
0.0,50,196.378741,1.0
-2.0,50,196.914287,1.0
-1.0,50,197.448169,1.0
-1.0,50,197.985147,1.0
-2.0,50,198.536148,1.0
-2.0,50,199.070694,1.0
-2.0,50,199.602976,1.0
-2.0,50,200.145793,1.0
-3.0,50,200.690329,1.0
-2.0,50,201.22487,1.0
-1.0,50,201.757164,1.0
-2.0,50,202.293172,1.0
-1.0,50,202.834746,1.0
-3.0,50,203.382846,1.0
-1.0,50,203.925335,1.0
-1.0,50,204.457477,1.0
-1.0,50,205.002243,1.0
-3.0,50,205.547096,1.0
-3.0,50,206.078737,1.0
0.0,50,206.613317,1.0
-1.0,50,209.228325,1.0
-1.0,50,209.762896,1.0
-3.0,50,210.296449,1.0
-2.0,50,210.834739,1.0
-2.0,50,211.384277,1.0
-2.0,50,211.928438,1.0
-1.0,50,212.463737,1.0
-2.0,50,212.994849,1.0
0.0,50,213.530518,1.0
-2.0,50,214.053669,1.0
0.0,50,214.581385,1.0
-2.0,50,215.113936,1.0
-2.0,50,215.645685,1.0
0.0,50,216.169767,1.0
-2.0,50,216.696089,1.0
-2.0,50,217.230771,1.0
-3.0,50,217.763319,1.0
-3.0,50,218.29758,1.0
-2.0,50,218.822398,1.0
-1.0,50,219.347888,1.0
-2.0,50,219.881851,1.0
-3.0,50,220.417547,1.0
0.0,50,220.947249,1.0
-2.0,50,221.478153,1.0
-2.0,50,222.021869,1.0
-3.0,50,222.549711,1.0
-2.0,50,223.076979,1.0
-2.0,50,223.606279,1.0
-2.0,50,224.14748,1.0
-2.0,50,224.682253,1.0
-2.0,50,225.209701,1.0
-1.0,50,225.735653,1.0
-2.0,50,226.279804,1.0
-3.0,50,226.817647,1.0
-2.0,50,227.354232,1.0
-3.0,50,227.884553,1.0
-3.0,50,228.421668,1.0
-2.0,50,228.961318,1.0
-2.0,50,229.488042,1.0
-2.0,50,230.014841,1.0
-2.0,50,232.683143,1.0
-2.0,50,233.216877,1.0
-1.0,50,233.752927,1.0
-2.0,50,234.287899,1.0
-2.0,50,234.831582,1.0
-1.0,50,235.357128,1.0
-2.0,50,235.883677,1.0
-3.0,50,236.416099,1.0
-2.0,50,236.951826,1.0
-3.0,50,237.486024,1.0
-2.0,50,238.016847,1.0
-1.0,50,238.542592,1.0
0.0,50,239.077263,1.0
-1.0,50,239.60253,1.0
-1.0,50,240.127952,1.0
-3.0,50,240.667637,1.0
-1.0,50,241.20163,1.0
-3.0,50,241.73594,1.0
-2.0,50,242.261835,1.0
-3.0,50,242.788262,1.0
-2.0,50,243.323479,1.0
-2.0,50,243.853803,1.0
-1.0,50,244.382714,1.0
-3.0,50,244.920556,1.0
-2.0,50,245.468403,1.0
-1.0,50,245.996052,1.0
-2.0,50,246.534322,1.0
-2.0,50,247.068626,1.0
-2.0,50,247.606328,1.0
0.0,50,248.133832,1.0
-1.0,50,248.664428,1.0
0.0,50,249.19341,1.0
-2.0,50,249.735612,1.0
-3.0,50,250.263333,1.0
-3.0,50,250.801913,1.0
0.0,50,251.333132,1.0
-2.0,50,251.871293,1.0
-3.0,50,252.398914,1.0
-1.0,50,252.92842,1.0
0.0,50,253.456404,1.0
-2.0,50,256.118814,1.0
-2.0,50,256.654702,1.0
-2.0,50,257.184041,1.0
-2.0,50,257.719127,1.0
-2.0,50,258.255735,1.0
-2.0,50,258.784974,1.0
0.0,50,259.319302,1.0
-2.0,50,259.851053,1.0
-2.0,50,260.395151,1.0
-2.0,50,260.934375,1.0
-2.0,50,261.463295,1.0
-2.0,50,262.002834,1.0
-2.0,50,262.540711,1.0
-2.0,50,263.073605,1.0
-3.0,50,263.617973,1.0
0.0,50,264.145839,1.0
-2.0,50,264.690329,1.0
-1.0,50,265.22151,1.0
-2.0,50,265.746776,1.0
-1.0,50,266.279124,1.0
-3.0,50,266.817318,1.0
-2.0,50,267.356966,1.0
-3.0,50,267.8926,1.0
-3.0,50,268.42353,1.0
-2.0,50,268.963505,1.0
-1.0,50,269.496398,1.0
-2.0,50,270.028638,1.0
-2.0,50,270.559631,1.0
-1.0,50,271.101478,1.0
-3.0,50,271.643085,1.0
-2.0,50,272.178993,1.0
-2.0,50,272.713212,1.0
-1.0,50,273.251116,1.0
-3.0,50,273.784976,1.0
-3.0,50,274.320299,1.0
-2.0,50,274.846536,1.0
-2.0,50,275.381134,1.0
-3.0,50,275.910239,1.0
-2.0,50,276.437459,1.0
-2.0,50,276.96352,1.0
-2.0,50,279.587085,1.0
-2.0,50,280.120602,1.0
0.0,50,280.651309,1.0
-2.0,50,281.196185,1.0
-2.0,50,281.737714,1.0
-2.0,50,282.27457,1.0
-2.0,50,282.817376,1.0
-2.0,50,283.35291,1.0
-1.0,50,283.900292,1.0
-2.0,50,284.436326,1.0
-2.0,50,284.969024,1.0
-2.0,50,285.492199,1.0
-2.0,50,286.026572,1.0
-2.0,50,286.5652,1.0
0.0,50,287.090024,1.0
0.0,50,287.61326,1.0
-3.0,50,288.146806,1.0
-2.0,50,288.669583,1.0
-1.0,50,289.190783,1.0
-2.0,50,289.713667,1.0
-1.0,50,290.24482,1.0
-1.0,50,290.770756,1.0
-3.0,50,291.307596,1.0
-1.0,50,291.82975,1.0
-2.0,50,292.363732,1.0
-3.0,50,292.88865,1.0
-2.0,50,293.423532,1.0
-3.0,50,293.962643,1.0
-5.0,50,294.503684,1.0
-1.0,50,295.024865,1.0
-2.0,50,295.548832,1.0
-3.0,50,296.075826,1.0
-1.0,50,296.617797,1.0
-2.0,50,297.14164,1.0
-2.0,50,297.672908,1.0
-3.0,50,298.208406,1.0
0.0,50,298.74608,1.0
-2.0,50,299.279133,1.0
-1.0,50,299.801919,1.0
-3.0,50,300.337593,1.0
-1.0,50,302.956601,1.0
-2.0,50,303.487607,1.0
-3.0,50,304.020788,1.0
-2.0,50,304.55353,1.0
-2.0,50,305.091581,1.0
-2.0,50,305.617253,1.0
-1.0,50,306.154511,1.0
-1.0,50,306.677527,1.0
-1.0,50,307.212954,1.0
-1.0,50,307.744319,1.0
-1.0,50,308.28427,1.0
-2.0,50,308.823786,1.0
-1.0,50,309.377402,1.0
-3.0,50,309.92305,1.0
-2.0,50,310.470495,1.0
-1.0,50,311.010201,1.0
-1.0,50,311.558816,1.0
-4.0,50,312.097093,1.0
-1.0,50,312.639466,1.0
-2.0,50,313.177406,1.0
-1.0,50,313.724156,1.0
-1.0,50,314.26273,1.0
-3.0,50,314.812212,1.0
-1.0,50,315.351857,1.0
-3.0,50,315.898365,1.0
-3.0,50,316.436524,1.0
-1.0,50,316.976414,1.0
-3.0,50,317.517165,1.0
-2.0,50,318.071134,1.0
-2.0,50,318.618696,1.0
-3.0,50,319.166895,1.0
-2.0,50,319.710974,1.0
-1.0,50,320.256971,1.0
-1.0,50,320.793055,1.0
-3.0,50,321.340878,1.0
-2.0,50,321.894447,1.0
0.0,50,322.442928,1.0
-1.0,50,322.98475,1.0
-2.0,50,323.539182,1.0
-3.0,50,324.088387,1.0
0.0,50,326.710971,1.0
-1.0,50,327.249838,1.0
-1.0,50,327.791359,1.0
-3.0,50,328.339209,1.0
-2.0,50,328.894207,1.0
-2.0,50,329.433746,1.0
-1.0,50,329.976839,1.0
-3.0,50,330.519407,1.0
-1.0,50,331.069181,1.0
-3.0,50,331.614102,1.0
-3.0,50,332.153079,1.0
0.0,50,332.693324,1.0
-22.0,50,333.248694,1.0
-24.0,50,333.795153,1.0
-3.0,50,334.333841,1.0
-1.0,50,334.873624,1.0
-1.0,50,335.420668,1.0
-1.0,50,335.960721,1.0
-1.0,50,336.499988,1.0
-2.0,50,337.039854,1.0
-1.0,50,337.593657,1.0
-2.0,50,338.140365,1.0
-3.0,50,338.678096,1.0
-2.0,50,339.218263,1.0
-1.0,50,339.764819,1.0
0.0,50,340.294205,1.0
-2.0,50,340.828978,1.0
-2.0,50,341.354549,1.0
-3.0,50,341.897274,1.0
-2.0,50,342.43199,1.0
-2.0,50,342.95637,1.0
-2.0,50,343.483948,1.0
-3.0,50,344.031772,1.0
-2.0,50,344.556848,1.0
-1.0,50,345.084408,1.0
-2.0,50,345.620141,1.0
-3.0,50,346.175757,1.0
-2.0,50,346.705021,1.0
-3.0,50,347.236963,1.0
-2.0,50,347.769746,1.0
-2.0,50,350.430091,1.0
-3.0,50,350.965653,1.0
-2.0,50,351.509259,1.0
-2.0,50,352.044618,1.0
-3.0,50,352.59843,1.0
-2.0,50,353.136023,1.0
-2.0,50,353.68919,1.0
0.0,50,354.224912,1.0
0.0,50,354.770013,1.0
-2.0,50,355.304619,1.0
-3.0,50,355.838791,1.0
-2.0,50,356.375018,1.0
-2.0,50,356.91952,1.0
-1.0,50,357.457109,1.0
-2.0,50,357.99804,1.0
-1.0,50,358.535029,1.0
-3.0,50,359.086312,1.0
-2.0,50,359.621694,1.0
-2.0,50,360.164935,1.0
0.0,50,360.699444,1.0
-2.0,50,361.243796,1.0
-1.0,50,361.778927,1.0
-2.0,50,362.314451,1.0
-1.0,50,362.849813,1.0
-2.0,50,363.393568,1.0
-2.0,50,363.929775,1.0
-1.0,50,364.467409,1.0
-2.0,50,365.010734,1.0
-3.0,50,365.564251,1.0
-2.0,50,366.108328,1.0
-2.0,50,366.652231,1.0
-1.0,50,367.18637,1.0
-2.0,50,367.735401,1.0
-1.0,50,368.271538,1.0
-2.0,50,368.809556,1.0
0.0,50,369.34841,1.0
-1.0,50,369.885388,1.0
-1.0,50,370.414192,1.0
-3.0,50,370.943275,1.0
-2.0,50,371.469502,1.0
-3.0,50,374.074504,1.0
-1.0,50,374.603325,1.0
-2.0,50,375.144209,1.0
-2.0,50,375.692585,1.0
-3.0,50,376.239342,1.0
-3.0,50,376.778776,1.0
-1.0,50,377.323829,1.0
-3.0,50,377.871108,1.0
-1.0,50,378.415552,1.0
-2.0,50,378.957603,1.0
-1.0,50,379.49342,1.0
-2.0,50,380.038996,1.0
-2.0,50,380.582108,1.0
0.0,50,381.120555,1.0
-2.0,50,381.665132,1.0
-2.0,50,382.20952,1.0
-3.0,50,382.763625,1.0
-1.0,50,383.300088,1.0
-2.0,50,383.851527,1.0
-1.0,50,384.390514,1.0
-2.0,50,384.946773,1.0
-2.0,50,385.483426,1.0
-2.0,50,386.025839,1.0
0.0,50,386.561611,1.0
-2.0,50,387.113109,1.0
-1.0,50,387.650974,1.0
-1.0,50,388.189587,1.0
-1.0,50,388.733895,1.0
-2.0,50,389.277128,1.0
-3.0,50,389.813216,1.0
-2.0,50,390.348956,1.0
-1.0,50,390.888175,1.0
-1.0,50,391.436302,1.0
-2.0,50,391.98645,1.0
-2.0,50,392.530887,1.0
-1.0,50,393.069532,1.0
0.0,50,393.613019,1.0
-2.0,50,394.149075,1.0
-1.0,50,394.683575,1.0
0.0,50,395.22004,1.0
-3.0,50,397.854052,1.0
-2.0,50,398.397505,1.0
-2.0,50,398.934905,1.0
-3.0,50,399.480882,1.0
-1.0,50,400.027045,1.0
-2.0,50,400.565569,1.0
-3.0,50,401.10983,1.0
-3.0,50,401.644849,1.0
-1.0,50,402.199958,1.0
-1.0,50,402.738771,1.0
-2.0,50,403.286063,1.0
-2.0,50,403.825196,1.0
-1.0,50,404.372505,1.0
-3.0,50,404.911017,1.0
-1.0,50,405.448708,1.0
0.0,50,405.987675,1.0
-2.0,50,406.539083,1.0
-2.0,50,407.075629,1.0
-3.0,50,407.61371,1.0
0.0,50,408.151012,1.0
0.0,50,408.6954,1.0
-3.0,50,409.234517,1.0
-3.0,50,409.782073,1.0
-3.0,50,410.328391,1.0
0.0,50,410.872236,1.0
0.0,50,411.409756,1.0
-2.0,50,411.955822,1.0
-3.0,50,412.49281,1.0
-1.0,50,413.038522,1.0
-2.0,50,413.590575,1.0
-1.0,50,414.130982,1.0
-1.0,50,414.666523,1.0
-2.0,50,415.22485,1.0
-2.0,50,415.771652,1.0
-1.0,50,416.309952,1.0
-2.0,50,416.845272,1.0
-1.0,50,417.390815,1.0
-3.0,50,417.926645,1.0
-2.0,50,418.469245,1.0
-3.0,50,419.004743,1.0
-3.0,50,421.672435,1.0
0.0,50,422.212369,1.0
-2.0,50,422.756923,1.0
-3.0,50,423.305034,1.0
-2.0,50,423.861857,1.0
-3.0,50,424.408526,1.0
-1.0,50,424.953158,1.0
-2.0,50,425.497901,1.0
-1.0,50,426.043291,1.0
-2.0,50,426.586384,1.0
0.0,50,427.124143,1.0
-2.0,50,427.660919,1.0
-2.0,50,428.203594,1.0
-3.0,50,428.739057,1.0
-1.0,50,429.275074,1.0
-1.0,50,429.813326,1.0
-2.0,50,430.363945,1.0
-3.0,50,430.90662,1.0
-3.0,50,431.442855,1.0
-2.0,50,431.988291,1.0
-3.0,50,432.529706,1.0
-2.0,50,433.073186,1.0
0.0,50,433.610286,1.0
0.0,50,434.147212,1.0
-3.0,50,434.690321,1.0
0.0,50,435.227302,1.0
-2.0,50,435.771633,1.0
-2.0,50,436.307072,1.0
-3.0,50,436.857779,1.0
-3.0,50,437.405145,1.0
-3.0,50,437.941532,1.0
-1.0,50,438.476151,1.0
-2.0,50,439.028234,1.0
-2.0,50,439.576776,1.0
-2.0,50,440.11323,1.0
-2.0,50,440.65367,1.0
-2.0,50,441.208839,1.0
-2.0,50,441.743469,1.0
0.0,50,442.281021,1.0
0.0,50,442.816474,1.0
-2.0,50,445.453295,1.0
-2.0,50,445.99028,1.0
-2.0,50,446.529106,1.0
-2.0,50,447.076487,1.0
-2.0,50,447.621666,1.0
-1.0,50,448.164041,1.0
-2.0,50,448.706826,1.0
0.0,50,449.242212,1.0
-2.0,50,449.78688,1.0
-2.0,50,450.324464,1.0
-1.0,50,450.859294,1.0
-2.0,50,451.394312,1.0
-2.0,50,451.944008,1.0
-2.0,50,452.481351,1.0
-4.0,50,453.020046,1.0
-2.0,50,453.555688,1.0
-1.0,50,454.100096,1.0
-2.0,50,454.636176,1.0
-2.0,50,455.175236,1.0
-3.0,50,455.722679,1.0
-2.0,50,456.278974,1.0
-2.0,50,456.823232,1.0
-1.0,50,457.354623,1.0
-2.0,50,457.884125,1.0
-3.0,50,458.426197,1.0
-1.0,50,458.953561,1.0
-2.0,50,459.481138,1.0
0.0,50,460.009305,1.0
-1.0,50,460.552445,1.0
-2.0,50,461.088312,1.0
-2.0,50,461.627499,1.0
-2.0,50,462.166795,1.0
-2.0,50,462.723542,1.0
-3.0,50,463.25228,1.0
0.0,50,463.780768,1.0
-1.0,50,464.307307,1.0
-1.0,50,464.848786,1.0
-2.0,50,465.393199,1.0
-1.0,50,465.930907,1.0
-3.0,50,466.47959,1.0
-1.0,50,469.159946,1.0
-1.0,50,469.699237,1.0
-2.0,50,470.239532,1.0
-1.0,50,470.778799,1.0
-1.0,50,471.342607,1.0
-2.0,50,471.879406,1.0
-2.0,50,472.426223,1.0
-1.0,50,472.964528,1.0
0.0,50,473.519427,1.0
0.0,50,474.058089,1.0
-2.0,50,474.599346,1.0
-1.0,50,475.135428,1.0
-1.0,50,475.69483,1.0
-2.0,50,476.230145,1.0
-1.0,50,476.764734,1.0
-3.0,50,477.308137,1.0
-1.0,50,477.873115,1.0
-2.0,50,478.409875,1.0
-2.0,50,478.954083,1.0
-2.0,50,479.492918,1.0
-2.0,50,480.039073,1.0
-2.0,50,480.565974,1.0
0.0,50,481.089829,1.0
0.0,50,481.613567,1.0
-3.0,50,482.163584,1.0
0.0,50,482.687865,1.0
-2.0,50,483.221664,1.0
-1.0,50,483.746332,1.0
-3.0,50,484.293427,1.0
-2.0,50,484.817063,1.0
0.0,50,485.340748,1.0
-2.0,50,485.871029,1.0
-1.0,50,486.426623,1.0
-24.0,50,486.952611,1.0
-3.0,50,487.486776,1.0
-3.0,50,488.023427,1.0
-1.0,50,488.564139,1.0
-2.0,50,489.0888,1.0
-2.0,50,489.614468,1.0
-3.0,50,490.150687,1.0
-2.0,50,492.801719,1.0
-3.0,50,493.335982,1.0
-2.0,50,493.868192,1.0
-3.0,50,494.393955,1.0
-2.0,50,494.947056,1.0
-2.0,50,495.480015,1.0
-1.0,50,496.012164,1.0
-3.0,50,496.556684,1.0
0.0,50,497.10861,1.0
-1.0,50,497.642971,1.0
-2.0,50,498.174212,1.0
-1.0,50,498.710103,1.0
0.0,50,499.262473,1.0
-2.0,50,499.793697,1.0
-1.0,50,500.326938,1.0
-2.0,50,500.860339,1.0
-2.0,50,501.426692,1.0
-3.0,50,501.961928,1.0
-1.0,50,502.494236,1.0
-2.0,50,503.026484,1.0
-1.0,50,503.586672,1.0
-2.0,50,504.118319,1.0
-3.0,50,504.662275,1.0
-2.0,50,505.193198,1.0
-3.0,50,505.750323,1.0
-2.0,50,506.281549,1.0
-1.0,50,506.813156,1.0
-3.0,50,507.352926,1.0
-2.0,50,507.913358,1.0
-2.0,50,508.442826,1.0
-2.0,50,508.982719,1.0
-3.0,50,509.515296,1.0
-2.0,50,510.064541,1.0
-1.0,50,510.598,1.0
-3.0,50,511.129688,1.0
0.0,50,511.661131,1.0
-2.0,50,512.219944,1.0
0.0,50,512.752263,1.0
-2.0,50,513.291262,1.0
0.0,50,513.815547,1.0
-2.0,50,516.469946,1.0
-1.0,50,516.993749,1.0
-2.0,50,517.529474,1.0
-1.0,50,518.056813,1.0
-1.0,50,518.595815,1.0
-2.0,50,519.127067,1.0
-2.0,50,519.651113,1.0
-2.0,50,520.180388,1.0
-2.0,50,520.727807,1.0
-2.0,50,521.259814,1.0
-2.0,50,521.782875,1.0
-1.0,50,522.308346,1.0
-2.0,50,522.850441,1.0
-2.0,50,523.374777,1.0
-2.0,50,523.900867,1.0
-3.0,50,524.434069,1.0
-1.0,50,524.977746,1.0
-2.0,50,525.513667,1.0
0.0,50,526.038428,1.0
-2.0,50,526.572889,1.0
0.0,50,527.111326,1.0
-1.0,50,527.636038,1.0
-2.0,50,528.170657,1.0
-1.0,50,528.696377,1.0
-3.0,50,529.240188,1.0
-2.0,50,529.767236,1.0
-1.0,50,530.299866,1.0
-2.0,50,530.830159,1.0
-2.0,50,531.369428,1.0
-1.0,50,531.897879,1.0
-2.0,50,532.42349,1.0
-2.0,50,532.952569,1.0
-2.0,50,533.499071,1.0
-3.0,50,534.02611,1.0
-1.0,50,534.552816,1.0
-2.0,50,535.081892,1.0
-1.0,50,535.631243,1.0
0.0,50,536.158031,1.0
0.0,50,536.686085,1.0
0.0,50,537.212877,1.0
-2.0,50,539.883164,1.0
-3.0,50,540.41121,1.0
-3.0,50,540.946731,1.0
-4.0,50,541.474966,1.0
-3.0,50,542.02645,1.0
-1.0,50,542.554549,1.0
-2.0,50,543.078119,1.0
-2.0,50,543.613351,1.0
-3.0,50,544.15621,1.0
-2.0,50,544.688998,1.0
-2.0,50,545.216909,1.0
-1.0,50,545.748733,1.0
-2.0,50,546.29797,1.0
-2.0,50,546.823999,1.0
-2.0,50,547.355461,1.0
0.0,50,547.880227,1.0
0.0,50,548.415979,1.0
-2.0,50,548.942443,1.0
-1.0,50,549.467999,1.0
-3.0,50,550.003375,1.0
0.0,50,550.544406,1.0
-2.0,50,551.075102,1.0
-3.0,50,551.600151,1.0
-2.0,50,552.131387,1.0
-2.0,50,552.671985,1.0
-2.0,50,553.204326,1.0
-1.0,50,553.73032,1.0
-3.0,50,554.269759,1.0
-1.0,50,554.808461,1.0
-1.0,50,555.335144,1.0
-2.0,50,555.858499,1.0
-1.0,50,556.386608,1.0
-3.0,50,556.916337,1.0
-2.0,50,557.448133,1.0
0.0,50,557.974729,1.0
-2.0,50,558.506329,1.0
-3.0,50,559.053414,1.0
-2.0,50,559.577844,1.0
-1.0,50,560.107616,1.0
-2.0,50,560.632874,1.0
-3.0,50,563.278995,1.0
-2.0,50,563.820266,1.0
-3.0,50,564.355853,1.0
-1.0,50,564.880992,1.0
-2.0,50,565.423588,1.0
-1.0,50,565.955641,1.0
-3.0,50,566.486304,1.0
-2.0,50,567.02443,1.0
-1.0,50,567.556561,1.0
0.0,50,568.083455,1.0
-2.0,50,568.61835,1.0
0.0,50,569.141533,1.0
-1.0,50,569.672331,1.0
-1.0,50,570.2101,1.0
-2.0,50,570.737403,1.0
-1.0,50,571.262672,1.0
-2.0,50,571.797361,1.0
-2.0,50,572.324373,1.0
-2.0,50,572.850286,1.0
-3.0,50,573.373457,1.0
-2.0,50,573.911595,1.0
-2.0,50,574.443501,1.0
-2.0,50,574.973498,1.0
-2.0,50,575.501457,1.0
-1.0,50,576.033744,1.0
-2.0,50,576.559046,1.0
-2.0,50,577.088873,1.0
-1.0,50,577.61969,1.0
-3.0,50,578.159542,1.0
-2.0,50,578.69251,1.0
-2.0,50,579.22392,1.0
-2.0,50,579.757668,1.0
-2.0,50,580.298707,1.0
-2.0,50,580.82477,1.0
-2.0,50,581.348743,1.0
-2.0,50,581.87444,1.0
-2.0,50,582.410614,1.0
-2.0,50,582.944518,1.0
-2.0,50,583.477995,1.0
-2.0,50,584.002597,1.0
-1.0,50,586.619969,1.0
-2.0,50,587.161248,1.0
-2.0,50,587.703801,1.0
-3.0,50,588.233206,1.0
-4.0,50,588.768399,1.0
0.0,50,589.295116,1.0
-1.0,50,589.82072,1.0
-2.0,50,590.350099,1.0
-2.0,50,590.886896,1.0
-1.0,50,591.411229,1.0
-2.0,50,591.942852,1.0
-3.0,50,592.467116,1.0
-2.0,50,593.024419,1.0
-2.0,50,593.57228,1.0
-1.0,50,594.114626,1.0
0.0,50,594.656651,1.0
-3.0,50,595.214468,1.0
-2.0,50,595.755982,1.0
-1.0,50,596.297823,1.0
-2.0,50,596.846116,1.0
-2.0,50,597.396985,1.0
0.0,50,597.937828,1.0
-1.0,50,598.480091,1.0
-2.0,50,599.022736,1.0
-1.0,50,599.575681,1.0
-2.0,50,600.127988,1.0
-3.0,50,600.678062,1.0
-1.0,50,601.213797,1.0
-1.0,50,601.771934,1.0
-2.0,50,602.316877,1.0
-1.0,50,602.854928,1.0
-1.0,50,603.39838,1.0
-1.0,50,603.961417,1.0
-2.0,50,604.504185,1.0
-2.0,50,605.05302,1.0
-3.0,50,605.605853,1.0
-1.0,50,606.159172,1.0
-3.0,50,606.700193,1.0
0.0,50,607.242949,1.0
-3.0,50,607.786739,1.0
-2.0,50,610.436349,1.0
-3.0,50,610.977019,1.0
-1.0,50,611.518727,1.0
-3.0,50,612.071344,1.0
-1.0,50,612.628121,1.0
-2.0,50,613.178681,1.0
0.0,50,613.722256,1.0
0.0,50,614.265899,1.0
-2.0,50,614.834594,1.0
-2.0,50,615.358382,1.0
-6.0,50,615.882182,1.0
-4.0,50,616.407352,1.0
-3.0,50,616.950845,1.0
-2.0,50,617.485397,1.0
-1.0,50,618.02371,1.0
-2.0,50,618.568987,1.0
-1.0,50,619.12087,1.0
-2.0,50,619.65259,1.0
-2.0,50,620.193594,1.0
-2.0,50,620.728132,1.0
-1.0,50,621.27195,1.0
-3.0,50,621.804459,1.0
0.0,50,622.337907,1.0
-2.0,50,622.87657,1.0
-2.0,50,623.439589,1.0
-3.0,50,623.984375,1.0
-2.0,50,624.519619,1.0
-1.0,50,625.054214,1.0
-2.0,50,625.611309,1.0
-3.0,50,626.145335,1.0
-1.0,50,626.67952,1.0
-3.0,50,627.227534,1.0
-3.0,50,627.796314,1.0
-2.0,50,628.333148,1.0
-3.0,50,628.875119,1.0
0.0,50,629.409518,1.0
-2.0,50,629.970846,1.0
-1.0,50,630.509049,1.0
-1.0,50,631.0456,1.0
-1.0,50,631.580419,1.0
-2.0,50,634.233085,1.0
-1.0,50,634.763486,1.0
-2.0,50,635.29937,1.0
-2.0,50,635.837399,1.0
-2.0,50,636.385188,1.0
-1.0,50,636.919674,1.0
-1.0,50,637.452823,1.0
-1.0,50,637.987171,1.0
0.0,50,638.53674,1.0
-1.0,50,639.070661,1.0
-1.0,50,639.602727,1.0
-1.0,50,640.139518,1.0
0.0,50,640.686187,1.0
-2.0,50,641.223539,1.0
-2.0,50,641.750405,1.0
-1.0,50,642.281523,1.0
-3.0,50,642.838284,1.0
-3.0,50,643.366,1.0
-3.0,50,643.907745,1.0
-2.0,50,644.437441,1.0
-2.0,50,644.985682,1.0
-1.0,50,645.520882,1.0
-1.0,50,646.062672,1.0
-3.0,50,646.595299,1.0
-3.0,50,647.147135,1.0
-3.0,50,647.679165,1.0
0.0,50,648.212286,1.0
-2.0,50,648.743423,1.0
-2.0,50,649.301316,1.0
-3.0,50,649.842519,1.0
-1.0,50,650.385085,1.0
-3.0,50,650.940282,1.0
0.0,50,651.493847,1.0
-1.0,50,652.027786,1.0
-2.0,50,652.562488,1.0
0.0,50,653.088116,1.0
0.0,50,653.631302,1.0
-2.0,50,654.157852,1.0
-2.0,50,654.682041,1.0
-2.0,50,655.216807,1.0
-2.0,50,657.825759,1.0
-2.0,50,658.357921,1.0
-1.0,50,658.881952,1.0
-2.0,50,659.412858,1.0
-2.0,50,659.961733,1.0
-3.0,50,660.500006,1.0
-2.0,50,661.03572,1.0
-1.0,50,661.565494,1.0
-2.0,50,662.1169,1.0
-1.0,50,662.653073,1.0
-2.0,50,663.190132,1.0
-2.0,50,663.731075,1.0
-1.0,50,664.274222,1.0
0.0,50,664.80483,1.0
0.0,50,665.33655,1.0
-2.0,50,665.871309,1.0
-2.0,50,666.418116,1.0
-2.0,50,666.959235,1.0
-2.0,50,667.500223,1.0
-1.0,50,668.03342,1.0
-3.0,50,668.580273,1.0
0.0,50,669.114651,1.0
-2.0,50,669.644376,1.0
-13.0,50,670.175277,0.0
-12.0,50,670.727754,1.0
-2.0,50,671.267752,1.0
-2.0,50,671.808206,1.0
0.0,50,672.341585,1.0
-1.0,50,672.891228,1.0
-1.0,50,673.432284,1.0
0.0,50,673.96593,1.0
0.0,50,674.501401,1.0
-2.0,50,675.051581,1.0
-1.0,50,675.591205,1.0
-3.0,50,676.121912,1.0
-3.0,50,676.654067,1.0
-2.0,50,677.201545,1.0
-1.0,50,677.732537,1.0
-2.0,50,678.27215,1.0
-2.0,50,678.815024,1.0
-2.0,50,681.43804,1.0
-3.0,50,681.978314,1.0
-2.0,50,682.512414,1.0
-1.0,50,683.045371,1.0
-1.0,50,683.593856,1.0
-2.0,50,684.126117,1.0
-2.0,50,684.659045,1.0
-1.0,50,685.192581,1.0
-3.0,50,685.738118,1.0
-3.0,50,686.273405,1.0
-1.0,50,686.809967,1.0
-1.0,50,687.341129,1.0
-2.0,50,687.886282,1.0
-1.0,50,688.420309,1.0
0.0,50,688.953396,1.0
-1.0,50,689.492956,1.0
-2.0,50,690.045979,1.0
-2.0,50,690.590164,1.0
-2.0,50,691.117879,1.0
-3.0,50,691.650925,1.0
-2.0,50,692.197838,1.0
0.0,50,692.722959,1.0
-1.0,50,693.254921,1.0
-3.0,50,693.78779,1.0
-3.0,50,694.334636,1.0
-2.0,50,694.871593,1.0
-1.0,50,695.402665,1.0
-3.0,50,695.942559,1.0
-2.0,50,696.495525,1.0
-2.0,50,697.036033,1.0
-3.0,50,697.57695,1.0
-2.0,50,698.112498,1.0
-2.0,50,698.6642,1.0
-2.0,50,699.198994,1.0
-2.0,50,699.741702,1.0
-3.0,50,700.277783,1.0
-5.0,50,700.836151,1.0
-2.0,50,701.369692,1.0
-1.0,50,701.900768,1.0
0.0,50,702.435471,1.0
-2.0,50,705.075209,1.0
-3.0,50,705.611914,1.0
-1.0,50,706.154494,1.0
-1.0,50,706.693218,1.0
-3.0,50,707.254919,1.0
-2.0,50,707.791064,1.0
0.0,50,708.327381,1.0
-2.0,50,708.877099,1.0
-4.0,50,709.426276,1.0
-2.0,50,709.965731,1.0
-3.0,50,710.504919,1.0
-2.0,50,711.054182,1.0
-2.0,50,711.604645,1.0
0.0,50,712.139561,1.0
-2.0,50,712.675836,1.0
-2.0,50,713.216027,1.0
-3.0,50,713.768893,1.0
-2.0,50,714.307112,1.0
-2.0,50,714.85636,1.0
-2.0,50,715.393947,1.0
-2.0,50,715.96038,1.0
-2.0,50,716.500977,1.0
-2.0,50,717.041232,1.0
-2.0,50,717.590174,1.0
-3.0,50,718.159181,1.0
-1.0,50,718.702091,1.0
-2.0,50,719.247104,1.0
0.0,50,719.788874,1.0
-2.0,50,720.363514,1.0
0.0,50,720.904907,1.0
-2.0,50,721.449473,1.0
-2.0,50,722.001458,1.0
0.0,50,722.576774,1.0
-3.0,50,723.132063,1.0
-2.0,50,723.676116,1.0
-1.0,50,724.217661,1.0
-2.0,50,724.784941,1.0
-1.0,50,725.328425,1.0
-2.0,50,725.878422,1.0
-2.0,50,726.429668,1.0
-2.0,50,729.105046,1.0
-1.0,50,729.646501,1.0
-2.0,50,730.195711,1.0
-3.0,50,730.744683,1.0
-2.0,50,731.307415,1.0
-2.0,50,731.857588,1.0
-2.0,50,732.409849,1.0
-2.0,50,732.951793,1.0
-3.0,50,733.51904,1.0
-2.0,50,734.061209,1.0
-2.0,50,734.612192,1.0
-2.0,50,735.157406,1.0
-3.0,50,735.713934,1.0
-3.0,50,736.261592,1.0
-1.0,50,736.799789,1.0
-1.0,50,737.340832,1.0
-2.0,50,737.900339,1.0
-1.0,50,738.438488,1.0
-1.0,50,738.975303,1.0
-2.0,50,739.513364,1.0
-1.0,50,740.079384,1.0
-2.0,50,740.615656,1.0
-2.0,50,741.155931,1.0
-1.0,50,741.697387,1.0
-1.0,50,742.259392,1.0
-2.0,50,742.803544,1.0
-2.0,50,743.340976,1.0
-2.0,50,743.886523,1.0
-1.0,50,744.441922,1.0
-1.0,50,744.980382,1.0
-3.0,50,745.521359,1.0
-2.0,50,746.060412,1.0
-1.0,50,746.618496,1.0
-1.0,50,747.1603,1.0
-1.0,50,747.700797,1.0
-1.0,50,748.238337,1.0
-2.0,50,748.802627,1.0
-1.0,50,749.342314,1.0
-2.0,50,749.88366,1.0
-1.0,50,750.423781,1.0
-2.0,50,753.052153,1.0
-3.0,50,753.599694,1.0
-2.0,50,754.148728,1.0
-2.0,50,754.687492,1.0
-3.0,50,755.241511,1.0
-3.0,50,755.790872,1.0
-2.0,50,756.334755,1.0
-2.0,50,756.881641,1.0
-1.0,50,757.455657,1.0
-1.0,50,757.993532,1.0
-2.0,50,758.537435,1.0
-1.0,50,759.074363,1.0
-1.0,50,759.631696,1.0
-2.0,50,760.179848,1.0
-3.0,50,760.724791,1.0
-3.0,50,761.263417,1.0
-2.0,50,761.810748,1.0
-3.0,50,762.357829,1.0
-2.0,50,762.905774,1.0
-2.0,50,763.45068,1.0
-8.0,50,764.024946,1.0
-8.0,50,764.567709,1.0
-3.0,50,765.107435,1.0
-1.0,50,765.645591,1.0
-1.0,50,766.207055,1.0
-2.0,50,766.746624,1.0
-2.0,50,767.281799,1.0
-2.0,50,767.819743,1.0
-1.0,50,768.380586,1.0
-2.0,50,768.930874,1.0
-1.0,50,769.470857,1.0
-2.0,50,770.011597,1.0
0.0,50,770.566889,1.0
-2.0,50,771.106434,1.0
-3.0,50,771.656975,1.0
-2.0,50,772.202538,1.0
-1.0,50,772.755903,1.0
-3.0,50,773.305856,1.0
-2.0,50,773.850127,1.0
0.0,50,774.391062,1.0
-1.0,50,777.040303,1.0
-1.0,50,777.579667,1.0
-2.0,50,778.118347,1.0
-2.0,50,778.659422,1.0
-2.0,50,779.216676,1.0
-2.0,50,779.763966,1.0
0.0,50,780.300156,1.0
-3.0,50,780.848161,1.0
-2.0,50,781.398656,1.0
-2.0,50,781.936798,1.0
-2.0,50,782.480908,1.0
-3.0,50,783.03001,1.0
-2.0,50,783.57999,1.0
-3.0,50,784.114919,1.0
-1.0,50,784.653788,1.0
-2.0,50,785.197014,1.0
-2.0,50,785.742484,1.0
-1.0,50,786.282245,1.0
-1.0,50,786.818451,1.0
-2.0,50,787.361169,1.0
-1.0,50,787.907525,1.0
-1.0,50,788.44247,1.0
-3.0,50,788.990937,1.0
-1.0,50,789.529387,1.0
-2.0,50,790.086023,1.0
0.0,50,790.622835,1.0
-2.0,50,791.160994,1.0
-2.0,50,791.698743,1.0
-1.0,50,792.244728,1.0
-2.0,50,792.779541,1.0
-1.0,50,793.318912,1.0
-3.0,50,793.862983,1.0
-2.0,50,794.408202,1.0
-3.0,50,794.956474,1.0
-3.0,50,795.49989,1.0
-2.0,50,796.041094,1.0
0.0,50,796.591346,1.0
-2.0,50,797.132189,1.0
-1.0,50,797.670547,1.0
-1.0,50,798.209424,1.0
-2.0,50,800.864403,1.0
-14.0,50,801.407384,1.0
-3.0,50,801.951148,1.0
-2.0,50,802.489152,1.0
-2.0,50,803.035861,1.0
-2.0,50,803.585399,1.0
-2.0,50,804.126306,1.0
-3.0,50,804.664038,1.0
-3.0,50,805.216482,1.0
-2.0,50,805.758682,1.0
-2.0,50,806.30739,1.0
-2.0,50,806.847008,1.0
0.0,50,807.391695,1.0
-3.0,50,807.934207,1.0
-2.0,50,808.474996,1.0
-1.0,50,809.011518,1.0
-4.0,50,809.559161,1.0
0.0,50,810.097081,1.0
-3.0,50,810.633625,1.0
-2.0,50,811.18244,1.0
-2.0,50,811.733603,1.0
-1.0,50,812.273012,1.0
0.0,50,812.810317,1.0
-3.0,50,813.350034,1.0
-3.0,50,813.896685,1.0
-3.0,50,814.44157,1.0
-2.0,50,814.984263,1.0
-1.0,50,815.518987,1.0
-1.0,50,816.069895,1.0
-2.0,50,816.611569,1.0
0.0,50,817.151769,1.0
-3.0,50,817.688769,1.0
-3.0,50,818.246457,1.0
-2.0,50,818.787529,1.0
-2.0,50,819.322435,1.0
-1.0,50,819.859784,1.0
-2.0,50,820.412236,1.0
0.0,50,820.950248,1.0
-5.0,50,821.490537,1.0
-3.0,50,822.034509,1.0
-1.0,50,824.671689,1.0
-2.0,50,825.218394,1.0
0.0,50,825.754285,1.0
-3.0,50,826.294364,1.0
-1.0,50,826.841435,1.0
0.0,50,827.377109,1.0
-3.0,50,827.922309,1.0
-3.0,50,828.458895,1.0
-1.0,50,829.009613,1.0
-1.0,50,829.547204,1.0
-1.0,50,830.086897,1.0
0.0,50,830.624914,1.0
-3.0,50,831.173545,1.0
-2.0,50,831.712267,1.0
0.0,50,832.250225,1.0
-1.0,50,832.787472,1.0
-2.0,50,833.335289,1.0
-2.0,50,833.879054,1.0
0.0,50,834.42034,1.0
-2.0,50,834.95762,1.0
-2.0,50,835.512685,1.0
-2.0,50,836.055364,1.0
-2.0,50,836.596566,1.0
-2.0,50,837.135086,1.0
-2.0,50,837.683949,1.0
-1.0,50,838.223593,1.0
0.0,50,838.76052,1.0
-1.0,50,839.29867,1.0
-3.0,50,839.854671,1.0
-34.0,50,840.400564,1.0
-10.0,50,840.9456,1.0
-2.0,50,841.486509,1.0
-2.0,50,842.035654,1.0
-1.0,50,842.575843,1.0
-2.0,50,843.124791,1.0
-3.0,50,843.661856,1.0
-2.0,50,844.208164,1.0
-1.0,50,844.751873,1.0
-2.0,50,845.291298,1.0
0.0,50,845.831665,1.0
0.0,50,848.48294,1.0
-17.0,50,849.0296,0.0
-16.0,50,849.571662,1.0
0.0,50,850.10858,1.0
-1.0,50,850.660714,1.0
-3.0,50,851.19902,1.0
-2.0,50,851.737643,1.0
-1.0,50,852.276178,1.0
-2.0,50,852.832587,1.0
-1.0,50,853.381604,1.0
-3.0,50,853.929699,1.0
-2.0,50,854.470743,1.0
-3.0,50,855.028899,1.0
-1.0,50,855.568213,1.0
-3.0,50,856.1099,1.0
-2.0,50,856.653075,1.0
-1.0,50,857.199834,1.0
-1.0,50,857.740995,1.0
-2.0,50,858.291075,1.0
-2.0,50,858.833911,1.0
-1.0,50,859.379776,1.0
-1.0,50,859.918644,1.0
-3.0,50,860.454534,1.0
-1.0,50,860.995719,1.0
0.0,50,861.54219,1.0
-2.0,50,862.082447,1.0
-2.0,50,862.622944,1.0
-2.0,50,863.160888,1.0
-2.0,50,863.723138,1.0
-3.0,50,864.270859,1.0
-3.0,50,864.815627,1.0
-3.0,50,865.354707,1.0
-2.0,50,865.903271,1.0
-2.0,50,866.442766,1.0
-1.0,50,866.990381,1.0
-3.0,50,867.539241,1.0
-1.0,50,868.083197,1.0
-2.0,50,868.618915,1.0
0.0,50,869.157543,1.0
-3.0,50,869.69545,1.0
-1.0,50,872.355913,1.0
-1.0,50,872.895293,1.0
-2.0,50,873.436942,1.0
-2.0,50,873.974996,1.0
-2.0,50,874.530369,1.0
0.0,50,875.070767,1.0
-3.0,50,875.609278,1.0
-2.0,50,876.149905,1.0
-2.0,50,876.705989,1.0
0.0,50,877.247441,1.0
-3.0,50,877.788424,1.0
-3.0,50,878.332536,1.0
-2.0,50,878.880728,1.0
-1.0,50,879.421251,1.0
-1.0,50,879.961895,1.0
-2.0,50,880.508139,1.0
-1.0,50,881.056487,1.0
-2.0,50,881.599046,1.0
-2.0,50,882.137616,1.0
-1.0,50,882.675946,1.0
-1.0,50,883.224958,1.0
-2.0,50,883.763599,1.0
-2.0,50,884.304145,1.0
-2.0,50,884.841484,1.0
-2.0,50,885.383233,1.0
-1.0,50,885.917655,1.0
-2.0,50,886.452927,1.0
-2.0,50,886.985402,1.0
-2.0,50,887.529636,1.0
-2.0,50,888.07431,1.0
0.0,50,888.60733,1.0
-3.0,50,889.150684,1.0
-3.0,50,889.702993,1.0
-3.0,50,890.24426,1.0
-1.0,50,890.77549,1.0
-2.0,50,891.304544,1.0
-17.0,50,891.849462,1.0
-4.0,50,892.394309,1.0
-2.0,50,892.929101,1.0
-2.0,50,893.466161,1.0
-2.0,50,896.096051,1.0
-1.0,50,896.627965,1.0
-3.0,50,897.170407,1.0
-2.0,50,897.704414,1.0
-2.0,50,898.255301,1.0
-1.0,50,898.789142,1.0
-1.0,50,899.321218,1.0
-3.0,50,899.854008,1.0
-2.0,50,900.393158,1.0
-2.0,50,900.927636,1.0
-2.0,50,901.460267,1.0
-2.0,50,901.997867,1.0
-1.0,50,902.54335,1.0
-3.0,50,903.086989,1.0
-2.0,50,903.631495,1.0
-1.0,50,904.16232,1.0
-3.0,50,904.712665,1.0
-3.0,50,905.244666,1.0
-2.0,50,905.77839,1.0
-1.0,50,906.309255,1.0
-1.0,50,906.85089,1.0
-3.0,50,907.394504,1.0
-2.0,50,907.925085,1.0
-1.0,50,908.456297,1.0
-2.0,50,909.000841,1.0
-2.0,50,909.530589,1.0
-3.0,50,910.067635,1.0
-3.0,50,910.599666,1.0
-2.0,50,911.151505,1.0
-1.0,50,911.685725,1.0
-2.0,50,912.225253,1.0
-2.0,50,912.758303,1.0
-1.0,50,913.298905,1.0
-2.0,50,913.83266,1.0
-1.0,50,914.362453,1.0
-17.0,50,914.900009,1.0
-5.0,50,915.45279,1.0
-2.0,50,915.98821,1.0
-1.0,50,916.523294,1.0
-2.0,50,917.058753,1.0
-2.0,50,919.688642,1.0
-2.0,50,920.224741,1.0
-3.0,50,920.762211,1.0
-3.0,50,921.295794,1.0
-2.0,50,921.840869,1.0
-3.0,50,922.370363,1.0
0.0,50,922.90022,1.0
-2.0,50,923.430508,1.0
-1.0,50,923.974647,1.0
-3.0,50,924.508233,1.0
-2.0,50,925.049101,1.0
-1.0,50,925.582,1.0
-2.0,50,926.122236,1.0
-3.0,50,926.655874,1.0
-1.0,50,927.188822,1.0
-2.0,50,927.721077,1.0
-1.0,50,928.262601,1.0
-2.0,50,928.793691,1.0
-3.0,50,929.327902,1.0
-3.0,50,929.867769,1.0
-1.0,50,930.412934,1.0
-1.0,50,930.944893,1.0
-2.0,50,931.477642,1.0
-1.0,50,932.010583,1.0
-2.0,50,932.555977,1.0
-2.0,50,933.102511,1.0
-3.0,50,933.651918,1.0
-2.0,50,934.190531,1.0
-3.0,50,934.73466,1.0
-1.0,50,935.276225,1.0
-1.0,50,935.814612,1.0
-2.0,50,936.351374,1.0
-1.0,50,936.894478,1.0
-2.0,50,937.428034,1.0
0.0,50,937.964485,1.0
-3.0,50,938.499828,1.0
-1.0,50,939.044329,1.0
-2.0,50,939.585083,1.0
-2.0,50,940.121394,1.0
-2.0,50,940.664695,1.0
-2.0,50,943.271456,1.0
-1.0,50,943.809887,1.0
-2.0,50,944.344872,1.0
-2.0,50,944.884649,1.0
-3.0,50,945.430155,1.0
-1.0,50,945.970021,1.0
-2.0,50,946.51172,1.0
-2.0,50,947.049804,1.0
-1.0,50,947.592758,1.0
0.0,50,948.129291,1.0
-1.0,50,948.661685,1.0
-2.0,50,949.193078,1.0
-1.0,50,949.74222,1.0
-2.0,50,950.281884,1.0
-2.0,50,950.826353,1.0
0.0,50,951.359031,1.0
-2.0,50,951.907304,1.0
-2.0,50,952.45636,1.0
-2.0,50,952.999546,1.0
-2.0,50,953.55787,1.0
-3.0,50,954.116938,1.0
0.0,50,954.657875,1.0
-2.0,50,955.206475,1.0
-2.0,50,955.746688,1.0
-2.0,50,956.300732,1.0
-1.0,50,956.842855,1.0
-3.0,50,957.391708,1.0
-2.0,50,957.932995,1.0
-2.0,50,958.48758,1.0
-2.0,50,959.041187,1.0
-2.0,50,959.582588,1.0
-2.0,50,960.121981,1.0
-3.0,50,960.671458,1.0
-3.0,50,961.221874,1.0
-2.0,50,961.763983,1.0
0.0,50,962.307428,1.0
-2.0,50,962.862948,1.0
-3.0,50,963.411462,1.0
-2.0,50,963.960502,1.0
-2.0,50,964.505219,1.0
-1.0,50,967.102552,1.0
-2.0,50,967.642595,1.0
-2.0,50,968.185307,1.0
-2.0,50,968.72627,1.0
-1.0,50,969.275258,1.0
-1.0,50,969.814587,1.0
-2.0,50,970.357148,1.0
-2.0,50,970.900628,1.0
-2.0,50,971.450467,1.0
-1.0,50,971.992774,1.0
0.0,50,972.533212,1.0
-3.0,50,973.072883,1.0
-2.0,50,973.622085,1.0
-1.0,50,974.1668,1.0
-3.0,50,974.715513,1.0
-1.0,50,975.258328,1.0
-1.0,50,975.80729,1.0
-1.0,50,976.349927,1.0
-2.0,50,976.893378,1.0
-1.0,50,977.42958,1.0
-2.0,50,977.973515,1.0
-3.0,50,978.518084,1.0
-2.0,50,979.053601,1.0
0.0,50,979.587996,1.0
0.0,50,980.130161,1.0
-2.0,50,980.661608,1.0
-2.0,50,981.194189,1.0
-2.0,50,981.724095,1.0
-2.0,50,982.272941,1.0
-2.0,50,982.808556,1.0
-3.0,50,983.347788,1.0
-3.0,50,983.8888,1.0
-1.0,50,984.432658,1.0
-3.0,50,984.969611,1.0
-2.0,50,985.508366,1.0
-3.0,50,986.038184,1.0
-3.0,50,986.591702,1.0
-3.0,50,987.123777,1.0
-1.0,50,987.658119,1.0
-3.0,50,988.200665,1.0
0.0,50,990.817137,1.0
-1.0,50,991.351352,1.0
-1.0,50,991.89075,1.0
-1.0,50,992.426579,1.0
-1.0,50,992.976999,1.0
-2.0,50,993.520602,1.0
-2.0,50,994.070565,1.0
-2.0,50,994.610936,1.0
-2.0,50,995.156151,1.0
-2.0,50,995.690567,1.0
-2.0,50,996.222793,1.0
-3.0,50,996.766667,1.0
-2.0,50,997.313314,1.0
-1.0,50,997.845714,1.0
-2.0,50,998.377405,1.0
-3.0,50,998.917485,1.0
0.0,50,999.465502,1.0
-2.0,50,1000.015616,1.0
-2.0,50,1000.562236,1.0
-1.0,50,1001.103898,1.0
-1.0,50,1001.655136,1.0
-1.0,50,1002.199912,1.0
-1.0,50,1002.742609,1.0
-3.0,50,1003.28395,1.0
-1.0,50,1003.834416,1.0
-3.0,50,1004.382614,1.0
-1.0,50,1004.923604,1.0
-1.0,50,1005.46211,1.0
-2.0,50,1006.019102,1.0
0.0,50,1006.564471,1.0
0.0,50,1007.093261,1.0
-3.0,50,1007.639547,1.0
-2.0,50,1008.184482,1.0
-2.0,50,1008.718213,1.0
-2.0,50,1009.250428,1.0
-2.0,50,1009.790485,1.0
-1.0,50,1010.338839,1.0
-1.0,50,1010.874105,1.0
-2.0,50,1011.409477,1.0
-1.0,50,1011.945109,1.0
-3.0,50,1014.551598,1.0
-2.0,50,1015.089601,1.0
0.0,50,1015.628613,1.0
0.0,50,1016.167188,1.0
-3.0,50,1016.725757,1.0
0.0,50,1017.263947,1.0
-2.0,50,1017.807818,1.0
-2.0,50,1018.350315,1.0
0.0,50,1018.893348,1.0
-2.0,50,1019.432339,1.0
-2.0,50,1019.976756,1.0
-1.0,50,1020.515706,1.0
-1.0,50,1021.061242,1.0
-2.0,50,1021.59941,1.0
-2.0,50,1022.145716,1.0
-2.0,50,1022.686778,1.0
-2.0,50,1023.231787,1.0
-2.0,50,1023.769519,1.0
-2.0,50,1024.309553,1.0
-3.0,50,1024.851017,1.0
-3.0,50,1025.394947,1.0
-3.0,50,1025.930892,1.0
-1.0,50,1026.469595,1.0
-2.0,50,1027.010535,1.0
-3.0,50,1027.569046,1.0
-3.0,50,1028.110862,1.0
0.0,50,1028.646627,1.0
-2.0,50,1029.184448,1.0
0.0,50,1029.729485,1.0
-1.0,50,1030.268359,1.0
0.0,50,1030.806074,1.0
-1.0,50,1031.343691,1.0
-3.0,50,1031.899913,1.0
-1.0,50,1032.43419,1.0
0.0,50,1032.969711,1.0
-2.0,50,1033.513746,1.0
-1.0,50,1034.059624,1.0
-2.0,50,1034.605062,1.0
-3.0,50,1035.151566,1.0
-2.0,50,1035.688922,1.0
0.0,50,1038.282605,1.0
-2.0,50,1038.826976,1.0
0.0,50,1039.363429,1.0
-2.0,50,1039.898501,1.0
-1.0,50,1040.443469,1.0
-1.0,50,1040.980386,1.0
-1.0,50,1041.521658,1.0
-2.0,50,1042.056496,1.0
-1.0,50,1042.601305,1.0
-2.0,50,1043.141599,1.0
-1.0,50,1043.683755,1.0
-3.0,50,1044.233998,1.0
0.0,50,1044.784508,1.0
-1.0,50,1045.324175,1.0
0.0,50,1045.864018,1.0
-2.0,50,1046.41172,1.0
0.0,50,1046.959258,1.0
-1.0,50,1047.500442,1.0
-1.0,50,1048.04312,1.0
-1.0,50,1048.584918,1.0
-3.0,50,1049.136905,1.0
-3.0,50,1049.686459,1.0
0.0,50,1050.22735,1.0
-2.0,50,1050.770282,1.0
-3.0,50,1051.330105,1.0
-2.0,50,1051.87128,1.0
0.0,50,1052.414918,1.0
-27.0,50,1052.956915,0.0
-23.0,50,1053.509094,1.0
-4.0,50,1054.053116,1.0
-4.0,50,1054.595278,1.0
-3.0,50,1055.150014,1.0
-1.0,50,1055.699033,1.0
-2.0,50,1056.241384,1.0
-1.0,50,1056.78927,1.0
-3.0,50,1057.332344,1.0
-2.0,50,1057.886946,1.0
0.0,50,1058.428889,1.0
-2.0,50,1058.975975,1.0
-2.0,50,1059.516037,1.0
-3.0,50,1062.127551,1.0
-1.0,50,1062.671358,1.0
-1.0,50,1063.212826,1.0
-1.0,50,1063.758724,1.0
-1.0,50,1064.309108,1.0
-1.0,50,1064.852713,1.0
0.0,50,1065.394461,1.0
-1.0,50,1065.939877,1.0
-2.0,50,1066.488676,1.0
-1.0,50,1067.026165,1.0
-3.0,50,1067.570534,1.0
0.0,50,1068.103034,1.0
-1.0,50,1068.648018,1.0
-2.0,50,1069.188693,1.0
-2.0,50,1069.721995,1.0
-1.0,50,1070.255187,1.0
-1.0,50,1070.801601,1.0
-2.0,50,1071.334063,1.0
-1.0,50,1071.86974,1.0
-2.0,50,1072.404809,1.0
-1.0,50,1072.946647,1.0
-2.0,50,1073.487785,1.0
-2.0,50,1074.020507,1.0
-2.0,50,1074.552145,1.0
-1.0,50,1075.095289,1.0
0.0,50,1075.627046,1.0
-3.0,50,1076.172278,1.0
-3.0,50,1076.718362,1.0
-2.0,50,1077.260897,1.0
-2.0,50,1077.79888,1.0
-1.0,50,1078.340656,1.0
0.0,50,1078.875298,1.0
-3.0,50,1079.424358,1.0
-3.0,50,1079.971391,1.0
-3.0,50,1080.504429,1.0
-1.0,50,1081.039777,1.0
-2.0,50,1081.582956,1.0
0.0,50,1082.115769,1.0
-2.0,50,1082.656385,1.0
-1.0,50,1083.189971,1.0
-2.0,50,1085.806139,1.0
-2.0,50,1086.33857,1.0
0.0,50,1086.871509,1.0
-3.0,50,1087.40232,1.0
0.0,50,1087.943869,1.0
-3.0,50,1088.483652,1.0
-2.0,50,1089.018584,1.0
-2.0,50,1089.553362,1.0
-2.0,50,1090.102736,1.0
-2.0,50,1090.644441,1.0
0.0,50,1091.176787,1.0
-1.0,50,1091.711236,1.0
-2.0,50,1092.254499,1.0
-3.0,50,1092.788957,1.0
-2.0,50,1093.330907,1.0
0.0,50,1093.863796,1.0
-3.0,50,1094.40357,1.0
-3.0,50,1094.94621,1.0
0.0,50,1095.478605,1.0
-28.0,50,1096.01238,1.0
-1.0,50,1096.558436,1.0
-1.0,50,1097.095843,1.0
-2.0,50,1097.628834,1.0
-1.0,50,1098.163916,1.0
-1.0,50,1098.708309,1.0
-2.0,50,1099.242437,1.0
-2.0,50,1099.785357,1.0
-2.0,50,1100.319963,1.0
-1.0,50,1100.863707,1.0
-1.0,50,1101.400964,1.0
-2.0,50,1101.949811,1.0
0.0,50,1102.488013,1.0
-1.0,50,1103.057374,1.0
-1.0,50,1103.600856,1.0
-1.0,50,1104.138003,1.0
-1.0,50,1104.673655,1.0
-3.0,50,1105.213839,1.0
-3.0,50,1105.746943,1.0
-2.0,50,1106.28875,1.0
-2.0,50,1106.829561,1.0
-3.0,50,1109.457683,1.0
-1.0,50,1109.990588,1.0
-3.0,50,1110.524668,1.0
-3.0,50,1111.05931,1.0
-1.0,50,1111.607282,1.0
-2.0,50,1112.148297,1.0
-2.0,50,1112.691183,1.0
0.0,50,1113.230672,1.0
-3.0,50,1113.784409,1.0
-3.0,50,1114.33378,1.0
-2.0,50,1114.870807,1.0
-2.0,50,1115.411903,1.0
-2.0,50,1115.955938,1.0
-4.0,50,1116.49789,1.0
-1.0,50,1117.04157,1.0
-2.0,50,1117.584405,1.0
0.0,50,1118.133063,1.0
-3.0,50,1118.66794,1.0
-2.0,50,1119.210062,1.0
-3.0,50,1119.7597,1.0
-1.0,50,1120.29968,1.0
-1.0,50,1120.83266,1.0
-1.0,50,1121.375263,1.0
-1.0,50,1121.908938,1.0
-2.0,50,1122.4659,1.0
-2.0,50,1122.997706,1.0
-2.0,50,1123.537693,1.0
-2.0,50,1124.077376,1.0
-3.0,50,1124.626199,1.0
-3.0,50,1125.171819,1.0
-2.0,50,1125.709869,1.0
-2.0,50,1126.249198,1.0
-3.0,50,1126.800188,1.0
-2.0,50,1127.345856,1.0
-2.0,50,1127.888714,1.0
-3.0,50,1128.428627,1.0
-2.0,50,1128.978194,1.0
-1.0,50,1129.519181,1.0
-1.0,50,1130.060506,1.0
-1.0,50,1130.609007,1.0
-1.0,50,1133.271969,1.0
-2.0,50,1133.820115,1.0
-1.0,50,1134.35788,1.0
0.0,50,1134.896083,1.0
-2.0,50,1135.44954,1.0
-2.0,50,1135.991296,1.0
-1.0,50,1136.535986,1.0
-2.0,50,1137.084784,1.0
-2.0,50,1137.637354,1.0
-1.0,50,1138.177299,1.0
-3.0,50,1138.722102,1.0
-1.0,50,1139.264777,1.0
-3.0,50,1139.833573,1.0
-3.0,50,1140.386245,1.0
-2.0,50,1140.930573,1.0
-1.0,50,1141.469506,1.0
-2.0,50,1142.025622,1.0
-2.0,50,1142.566243,1.0
-3.0,50,1143.113053,1.0
-3.0,50,1143.652879,1.0
-2.0,50,1144.207537,1.0
-1.0,50,1144.744588,1.0
0.0,50,1145.28025,1.0
0.0,50,1145.817294,1.0
-3.0,50,1146.374121,1.0
-1.0,50,1146.910382,1.0
-3.0,50,1147.446015,1.0
-1.0,50,1147.982014,1.0
-2.0,50,1148.532384,1.0
-2.0,50,1149.066436,1.0
-2.0,50,1149.615237,1.0
-3.0,50,1150.155187,1.0
0.0,50,1150.699051,1.0
-3.0,50,1151.238014,1.0
-3.0,50,1151.76935,1.0
-3.0,50,1152.312661,1.0
0.0,50,1152.856158,1.0
-2.0,50,1153.394039,1.0
-2.0,50,1153.927349,1.0
-1.0,50,1154.457627,1.0
0.0,50,1157.089442,1.0
-2.0,50,1157.625195,1.0
-3.0,50,1158.160086,1.0
-3.0,50,1158.694102,1.0
-1.0,50,1159.234959,1.0
-3.0,50,1159.771834,1.0
-1.0,50,1160.305225,1.0
-3.0,50,1160.839445,1.0
0.0,50,1161.377656,1.0
-2.0,50,1161.919963,1.0
-1.0,50,1162.46132,1.0
-1.0,50,1163.005791,1.0
-1.0,50,1163.563775,1.0
-1.0,50,1164.114619,1.0
-2.0,50,1164.651306,1.0
-1.0,50,1165.185222,1.0
-2.0,50,1165.729749,1.0
0.0,50,1166.266846,1.0
-2.0,50,1166.800785,1.0
-2.0,50,1167.341395,1.0
-3.0,50,1167.898536,1.0
-2.0,50,1168.433709,1.0
-3.0,50,1168.965222,1.0
0.0,50,1169.498409,1.0
0.0,50,1170.04022,1.0
0.0,50,1170.574156,1.0
-3.0,50,1171.110115,1.0
-2.0,50,1171.656447,1.0
-1.0,50,1172.200478,1.0
-2.0,50,1172.737735,1.0
-1.0,50,1173.274169,1.0
-2.0,50,1173.816391,1.0
0.0,50,1174.364678,1.0
-2.0,50,1174.917879,1.0
-16.0,50,1175.45556,0.0
-40.0,50,1175.991293,0.0
-6.0,50,1176.535164,1.0
-2.0,50,1177.041155,1.0
-2.0,50,1177.546259,1.0
-2.0,50,1178.047106,1.0
